,A,R,N,D,C,Q,E,G,H,I,L,K,M,F,P,S,T,W,Y,V
pca0,0.08952748790761866,-2.8253108834545095,-4.53291803593373,-5.434359878800936,2.5684384412427224,-2.670463085324753,-3.8630093754574855,-4.1165959731672155,-0.34648448592015446,6.209800847294223,5.19679426369085,-3.8786803815627517,4.46026177955506,5.754353539358496,-3.887672086659047,-3.5591371002676695,-1.3144694318556962,4.859538212660545,2.4335590725977623,4.8568270740966755
pca1,-1.5866522666950353,3.9695974911239147,-0.24839093826569283,0.5092004630047711,-1.8721132723608847,2.3714023704198195,2.910398701277522,-5.912590705899526,2.411008789389032,-1.2584995104000045,-0.7960737346093076,3.375744132012603,1.6589068731733685,0.40721830664025027,-3.127457662581663,-2.406240332519603,-1.7229780700601514,2.5445098777722466,0.9127998220665366,-2.139790333488191
pca2,-4.5042087456398985,0.20037903259181353,1.3925433641293805,0.11523159381475132,2.2086753795455625,-0.4540522514937322,-3.2342809685548546,0.012227624051949482,1.3607134250887558,-0.8989880589759853,-3.2745419893305465,-1.4461291005343009,-0.8877832472386725,0.976938909022214,3.381508577226905,-0.17546755532967065,-0.04201682843945245,3.4810319558187603,3.613260498585457,-1.825041614338437
pca3,-0.2828873343879233,0.5603129664547819,-1.0837812200719266,-0.6227192962303203,-4.512179518172043,-0.2375027555132958,0.2010336855928762,-0.6792982280041256,-1.401000957978227,1.2121051496551472,1.525125648685136,1.0161338907947508,-1.5338632957009055,0.6599562713432335,4.0754094556229,-0.6717443820288569,-0.14972509191281805,0.2810925733540701,1.154781474986185,0.48875096351136316
pca4,1.0596965951356516,-2.4603346123946244,-0.6373214014386471,1.3749377861024064,1.2956593075433915,0.13091138409907804,2.133828013343976,-1.556000709439508,0.10001431384620155,-0.787233564570097,0.19661043559402455,-1.3758712545776837,1.7507805207470102,0.10924419242319613,3.116419057007515,-1.0125491150947645,-1.175189730474672,0.8544727439232954,-1.849671023109837,-1.2684029386659148
pca5,0.585463436626762,-1.4868486893263604,1.051221022312637,1.0000258663192187,-2.1349495297113,-0.7631674115255229,0.37049960856762326,2.9514501459952647,0.1405297879268622,-0.5956348347085701,0.7676719748985134,-0.12527141859423405,0.27530202022696887,1.0569659697946416,-1.6785207187777065,-0.6806255886420205,-1.834045965209025,2.1137573853271396,0.7310813873405037,-1.7449044488413972
pca6,-0.9692245299210891,-1.1054105622229988,0.5390968338445196,2.8081208165877576,-0.39978112290262785,-0.39060579071628204,1.6865840117577426,-1.3273835978306805,-1.1242907801986282,1.0483900154479853,-0.4836987691652496,-1.5113291722365394,-1.4744042943328055,0.11936675724988112,-1.2103124016020292,0.28468761208898646,1.0788795244461862,0.1345003039600642,1.1303533451519663,1.1664618005938439
pca7,-0.01323469160870015,1.4057076530405332,-1.1524019225750188,0.3240406897682382,1.8150960308893225,-0.3071181714978687,0.7633330534093951,0.9656659610548567,-2.4249680066181356,0.05056003900245891,0.15076841440547273,0.757753727172321,-0.9409638944045092,-0.7474255618673024,0.0077361508128501845,-0.9758103839509201,-1.0872522830640095,1.1490707759210645,0.10935453115254706,0.1500878889574079
pca8,-0.9082645635236818,0.28420100140653193,0.7167510569274872,0.4757114132708467,0.6415853605777337,-0.76890446381136,0.5530997132492389,0.46001693523554366,1.3904199332962097,0.9259350820089199,0.3133235252791222,0.15767890214977442,-0.30500907950490613,0.46039542398030053,0.3660401312645836,-1.482132226865375,-2.059065700414128,-2.2790373190583177,0.472330562956312,0.5849243115751672
pca9,0.33891264268233035,1.8171268840756,-1.57834791597441,0.3366310245332292,-0.811250311190268,-0.33009058831527033,0.5798693568143476,1.08543132445903,1.0358324500297784,-0.05710971412843705,-1.1960164034897471,-2.0844545358498134,0.45961274299296345,0.20062129246590912,0.08277129012802636,-0.6420689325744096,0.5378408499218523,0.167045246590308,-0.40456851901078017,0.46221181583976195
pca10,-0.6141904356037708,-0.31957938913947287,0.062139566495208555,0.08010817078509425,-0.47200283760200107,1.8983517968567498,-0.1890150129294957,0.6107410069193165,-1.6124173465741984,0.7254031685770256,-1.151707518088614,-0.10505788663383801,2.0553122065627623,0.029562825715988394,-0.01857267816366412,-0.4394608384097217,-0.27236969589868015,-0.9154518390474796,0.6528092152699261,-0.00460247909113717
pca11,-0.04182726645160819,1.4937005460108883,0.46904348623337205,0.5841907615654776,0.1744671962709023,-0.2937593768121383,-0.4817748697766878,-0.5588139282654218,-1.0929016115777919,-1.0617914118408434,1.623042212301235,-1.3322512695371838,0.5315246915837654,1.0500619437518215,0.009345230085648571,0.7755578326659812,-0.1831054710695289,-0.9715580709775057,0.42333952338727304,-1.1164901475476547
pca12,-0.6937558343478946,0.6947085137927138,1.0556673065457882,0.9643124638147329,-0.3514948614389366,-0.8121575932006465,-0.9963446491520458,-0.09161906235102384,-0.3793075712507772,1.0989150747189131,-0.0923154845644149,0.3814878471509846,0.6174825314892084,0.05851780006963427,0.098084589530111,-0.282071897220362,0.18274372827976793,0.5850316569110328,-2.122674572417791,0.08479001364100644
pca13,-0.39753769305546405,0.2595182839478465,1.2615332416365632,-1.3252025695044551,0.06871097528378997,1.4420582021572894,0.7792721806684203,0.1840006214821884,-0.10433744187567731,0.34488522846795194,0.3703335340141954,-1.173817133302178,-1.0349894379581477,0.2598020829023987,-0.026794711574207358,-0.2986265784991364,-0.1395908606182915,0.43449881308371424,-0.8753507227743204,-0.028366014482484415
pca14,-0.45573421707456746,-0.37475217160294283,-0.788166159383819,0.21839611867436604,0.2932477446074751,0.3884789221484749,0.06361902584991079,0.33163875513443974,-0.1371608237363685,-0.426898482669206,-0.28036685853875914,0.7759274771196111,-0.6248320597850998,2.1818567259791157,-0.13285769291422383,-0.4016274065456297,0.7710408814821127,-0.4246387594426422,-0.6892268724644708,-0.28794414683777736
pca15,-1.7432064467740316,-0.29501540053703945,-0.9467426722148925,0.33843507585970284,0.0011412726335377783,0.5066710292164082,0.14337111482198878,0.5769605062519494,0.5361926824648533,-0.08088789460460215,1.4513271449749168,-0.01727657497253489,0.29575081598955355,-0.903352685318535,-0.1039322684765422,0.1554096401211949,0.44758081865740773,0.0629873045220615,-0.24952884476320297,-0.17588461785218754
pca16,-0.7576383528901001,-0.0039233021618495815,0.45954850369453476,-1.1567553247115308,0.014968120746778888,-1.4332522909762748,1.4403548905211268,0.22170549159931935,-0.4082551036395368,-0.07253910238070724,-0.2526155886862924,0.2527690235390299,0.815303919910771,0.13443051490217572,0.04869705857744666,0.1918358092177313,0.7430129552101488,-0.11721610626674905,0.1403242904227962,-0.26075540662881846
pca17,-0.46055827404719824,0.03333475876785715,-0.5116806892569596,-0.1002627192357917,-0.12517387533735239,0.013955318661509232,0.2973284158208823,-0.03232881606321235,0.02779812343544269,0.23049771971319594,-0.42557086997731175,0.02120636385690125,-0.006143636595890937,0.45470239456428224,-0.02023503852790739,1.7711218529540365,-1.273666710540378,0.17527078124723336,-0.39843545456698115,0.32884035512764637
pca18,-0.30683157405737793,-0.07356381063721588,0.4012628826675554,0.03718676956759294,-0.20882916403398943,0.023780995617218113,-0.07907091911042817,0.029715472980805794,-0.1662687613566804,-1.45629203189392,0.09407549681487407,0.05516355831412304,0.29328483877520245,0.10035634404264364,0.08883970378311315,-0.25792156995448506,-0.20399071351285278,0.20917061711158505,-0.1357302307403566,1.5556620956225968
pca19,1.6306224095281648e-15,1.6306224095281606e-15,1.6306224095281628e-15,1.6306224095281602e-15,1.6306224095281616e-15,1.630622409528164e-15,1.6306224095281608e-15,1.6306224095281622e-15,1.6306224095281616e-15,1.6306224095281622e-15,1.6306224095281596e-15,1.6306224095281604e-15,1.630622409528161e-15,1.630622409528161e-15,1.6306224095281612e-15,1.6306224095281598e-15,1.6306224095281622e-15,1.630622409528161e-15,1.6306224095281628e-15,1.6306224095281594e-15
